00000001000000000000010000010011
00010001000100010001010010110111
00010001000101001000010010010011
00100010001000100010010100110111
00100010001001010000010100010011
00000000100101000010000000100011
00000000100101000010001000100011
00000000100001000000010100110011
00000000101001000010010000100011
00000000000001000010000000100011
01010101010100000000010100010011
00000000000101010001010100010011
00000000100101000010010100100011
00000001000001000010010100000011
00000000000101010000010100010011
00000000101001000010101000100011
00000000000001000010110010000011
00000001100101000000000010100011
00000001100101000001000100100011
00000000001001000100110110000011
00000000000001000101111000000011
00000000001001000000111000000011
00000000001001000001111110000011
00000000000001000000111110110011
00001111111101000000111010010011
00000001110111100010111010100011
00010010000000000000001100010011
11011110101011011011001110110111
00001101000100111000001110010011
00000000011001110010001110100011
